'bib'
'cwm_par_dw 27/10/2003 V2003.01 IONIS''2003.01.36 par_dw''CWM_PAR_DW''cwm_par_dw.pbl''2003.01.35 par_dw''par_dw.pbl''IONIS par_dw''cwm_par_dw VE''cwm_par_dw 2003.10''par_dw''cwm_par_dw''EVO par_dw''Cwm_par_dw''cwm_par_dw 2003.01 IONIS''2004.dev par_dw'
